58.14493453 55.9926996 52.3614199 6.658277667 6.241072245 11.32766074
99.44389291 104.0148087 108.1979936 41.82387552 43.78218053 44.95293074
21.5408561 17.53130746 13.14230441 1.636045495 0 0.660162473
182.8177772 174.4439639 181.7214591 76.26980417 80.1325048 100.0690462
422.9984219 408.0349667 403.6330705 56.02033688 52.58427094 60.70159267
5.525922244 8.964403034 8.820189217 0.705856194 0.699434768 0
797.6437282 856.6278076 914.9031566 240.8768861 254.5805413 204.3672938
12.04988179 10.21376087 9.973888386 2.708986959 3.523199322 4.235786657
153.9017761 147.0501307 161.8230058 20.43786976 25.80489025 22.8785155
17.63594167 18.55590307 16.69246819 7.013231721 6.717782193 10.9423444
1686.13454 1691.702346 1770.290761 450.4261839 464.9818377 486.5800307
59.78595195 67.84870978 80.76634804 36.84414197 30.3754528 36.39446313
8.340869395 9.161573048 9.033998682 0.799068562 1.495620618 2.149553418
7.436562647 7.162959041 7.630620361 2.374781788 2.117859797 1.341551046
622.8549221 620.1649797 641.3990835 132.5399885 147.8645356 158.0030013
280.8100408 270.6047967 286.2452712 111.760564 127.6924605 137.5643137
5.480378929 8.334863054 10.62195864 25.9014318 26.70630255 25.98754965
852.9127262 837.6156494 881.812273 104.7973827 104.0563635 121.5856594
1443.355318 1387.298914 1458.046573 141.3254594 156.0712603 210.8248273
38.60786832 35.75091911 40.20089172 8.585044885 9.493255985 7.329963159
175.5935552 184.9228283 262.8136381 98.28543312 100.9983806 103.1467188
1.994082454 1.359103713 2.084009277 0.544807148 0.308486196 0.690912252
9.243036744 10.17821212 7.630073363 2.465942766 2.606409821 1.592056338
40.95651461 40.40794701 39.01705852 8.853475296 6.305544932 8.484628871
2083.804311 2041.448119 2150.512427 589.6624688 623.8843291 587.2956412
86.09108774 71.4060407 71.71896787 2.620196256 3.245449247 3.524260673
461.1373061 504.7372805 519.4120887 88.38146221 96.3920355 102.5887279
1799.090206 1770.40396 1880.857902 321.7161105 306.3758406 396.0087484
57.82692799 54.38104989 49.77819995 21.87554888 20.72372431 23.37706938
6075.021894 6228.97948 6643.492521 1645.115502 1692.482261 1533.542947
1819.415879 1785.863827 1870.780133 5.42837025 11.3907948 7.988545011
2667.991809 2818.957917 2798.760041 13.09195178 10.12515093 9.277020012
1787.14545 1800.564381 1748.797516 19.79758562 24.04723347 19.84251503
1908.045931 1775.725514 1956.85198 9.260161015 8.226685133 8.246240011
2802.527682 2833.151555 2749.168977 6.386317941 5.6953974 5.411595007
4351.053763 3810.484924 4006.615953 163.8090552 148.3967434 217.4945803
7.284380422 7.447205951 3.806441491 0.213233545 2.112936832 1.032505156
13.08589273 13.76850534 10.21831315 7.979202144 5.844017936 3.639656819
0 0.992278055 0.371929483 4.792088287 3.716211877 5.380621037
3.952320825 1.69538427 3.812822785 13.24264319 14.81535339 16.03065948
25.9602259 29.78051683 25.58061012 13.8089433 10.32703278 10.72359011
4.06514692 5.541351875 8.496944425 0 0.628881573 1.024361695
2498.351362 2344.799428 2687.942558 559.1429162 542.4844272 529.8402892
2094.648803 2050.060753 2194.927087 794.3278602 783.3163642 766.1654131
157.5002652 153.4381226 164.8766084 62.22204422 61.85847085 57.38807729
2121.552141 2127.927111 2279.076075 1115.32655 1143.958274 994.0087698
4738.258836 4743.16284 4929.875179 2261.178186 2192.642262 1859.61025
237.30564 244.0833564 207.4063672 40.55749312 45.62386075 49.23033527
118.5989037 119.1359627 106.9682522 9.131075865 7.917006315 6.67813852
76.39115392 72.97747567 74.01204093 27.3839911 25.93614002 27.15840602
236.8793487 230.0625452 239.6452472 47.6554957 50.20125995 45.98099781
563.2193121 595.6327549 566.2245048 157.2159175 163.5407382 159.756933
128.7804002 125.0467449 133.270345 44.92067063 44.35527886 45.05967438
1675.169159 1609.647275 1726.172416 368.7453839 364.3791734 379.3146513
689.2332108 701.1443802 736.2157938 223.0505571 238.906933 236.7267651
25.81021496 23.98831165 24.4187261 0.795299893 1.418516581 1.797108954
5985.024912 5744.265981 5786.576974 1236.355409 1268.132651 1591.157011
2489.033657 2361.249893 2425.972044 239.9569389 230.8296321 217.1782023
1347.098809 1271.083549 1359.13304 26.26751675 26.0285518 34.35080172
9.58522883 9.480118816 8.732229215 3.112912044 2.832789283 2.922342255
99.27959175 91.9025119 87.570729 35.57167439 45.15438547 52.53592233
37.1039406 27.43287647 39.73574899 14.93737745 19.44509051 16.78216475
254.6152979 248.5521886 263.6521077 55.71204028 48.22375313 50.85735523
119.737976 152.3427747 123.9228508 64.11187737 57.86365553 45.47821189
99.61105834 94.26788463 98.46938223 21.81768425 19.37569902 20.76338957
88.3047628 99.36706307 89.43789908 3.053327826 1.512775308 1.568065656
11.84035353 8.623982666 8.182200847 2.885968994 2.35505884 3.562062536
62.96152626 48.61426356 59.38952332 23.81793384 26.97286128 22.88285723
233.9112865 233.8406571 226.8940828 59.44539969 63.17402007 64.21854725
3.42632941 1.091818318 0.613859323 10.66023841 12.60776006 12.21077848
202.6152966 208.5240134 212.8428183 92.73654231 87.42393007 126.4780745
777.1807574 829.3347779 856.6981665 296.5927911 293.7161385 252.1459073
44.37887733 53.16182139 55.99982673 16.55136811 20.21493266 17.24026264
4451.172645 4162.337083 4678.177835 454.5445987 459.1593044 484.7485343
3387.813468 3268.626981 3574.395906 340.1174393 337.9282733 316.0526655
227.0505758 222.382459 235.1977254 83.45762725 81.04808316 101.9989374
230.6372626 233.3863544 237.116128 93.28164636 99.21255458 125.6468169
214.7149485 205.560312 226.0851172 60.86805315 67.9940878 69.25878121
1485.014043 1500.482106 1680.197208 291.3571912 300.776831 266.2169141
331.0639329 325.1271689 347.1747376 0.793813352 1.573183498 0.640624954
29.90011886 23.56067621 30.16161479 10.27476153 9.95503751 7.739162752
133.329502 130.4289224 127.5335771 16.14087148 14.55194735 19.1119778
52.48468722 40.22295755 34.56568898 10.71166731 9.79774104 13.2993119
4117.082024 3992.015598 4251.215105 1708.009623 1651.798579 1612.132284
50.80392537 50.74414379 53.22943979 26.09133592 26.74934946 20.69167488
1625.558367 1603.008713 1569.472038 321.6856404 313.7037967 304.4543545
486.2877221 479.0526756 449.9659026 178.3948337 180.318899 172.3860849
120.0917818 110.6000089 127.4091714 54.75520072 51.09031792 48.83104792
146.7966833 147.1682435 161.1239425 52.13587434 56.50484846 56.66950321
204.816637 210.5090213 197.0462525 47.84483891 55.04482766 58.42391459
574.0259306 564.7282708 584.4272569 154.5571924 150.1327279 142.9009854
46.09703054 53.80297806 40.7814266 17.32233687 20.89621667 18.43674437
354.2171976 353.2638825 391.0283886 135.6028176 127.9706576 143.1066235
12.30655222 14.36085819 11.57538499 4.883336235 4.521605162 5.297684588
535.1564752 540.0347019 559.3326012 243.309102 241.0956325 284.0453914
299.5034633 274.2759279 267.0636838 103.2769212 107.1194945 136.3147985
113.5001073 104.8855192 124.1975887 31.89557333 36.29412231 39.74209868
7.073964291 13.62740257 8.871573298 0 0.895375714 0
17.19884466 20.41929892 16.87279791 7.015913645 8.979779533 9.829857088
52.63477388 60.07552305 51.60791452 27.18144979 25.31621676 23.02120665
27.39092072 31.05807414 32.92008949 14.27215459 13.98341329 13.45917147
14.22358595 5.287825973 5.946009911 0 0.825150168 0
237.3500795 260.7641122 280.9188138 62.6027093 70.38016376 63.80884451
1.217629683 2.885781652 1.145286844 5.560357727 3.284672469 4.142152452
16.94146862 15.45931288 16.41780444 5.680568793 4.28867858 5.020949083
7.231777215 14.89025841 7.674183037 0 0 0
1450.45363 1420.528243 1493.121022 88.56644926 85.55445343 76.06706069
746.8855636 766.4100413 803.7905647 117.4996639 103.95273 102.9697533
9.165740408 10.8066364 9.524348727 3.495644499 4.193073561 3.266493448
60.45024031 55.75097287 71.43787869 25.31806622 19.42276549 46.13731641
399.2241366 366.1684954 387.1387497 74.65629618 72.21898128 81.39711355
1.163182467 1.29729025 2.121841438 3.417331764 3.45985706 3.417351249
46.20816369 53.80098536 46.12379348 25.43044577 25.24959514 19.61811422
155.8534498 149.9402802 182.9999453 80.64718481 78.06935077 58.95114269
66.08593494 67.48594384 62.49437306 26.50666644 26.26552586 25.15851758
235.1210113 234.5677287 231.913903 88.79462401 88.53933525 94.9456647
316.1923574 333.6795293 319.4970359 65.34944977 55.81489452 60.80664935
35.23385435 33.6823723 42.70205893 13.93677041 11.13043378 12.25450167
4855.687245 4815.514321 5406.928721 1019.662745 983.4052844 974.0871013
62.26571019 61.72850092 57.78175094 22.44101324 25.10613153 23.95245745
201.3216892 196.1665929 203.0628451 25.67015976 24.43911431 25.99703518
16.1151584 21.42004002 20.76398774 3.411996281 3.073596487 3.379364868
6425.750635 6507.308244 6573.943153 1023.704007 1011.636506 978.1015209
42.67075786 46.03009166 51.7595289 23.34362407 20.93987639 24.19301297
648.7691145 655.6175569 703.1976052 106.0053349 140.4964349 110.6465226
417.5868257 407.7815064 386.9942253 161.297361 157.1735275 141.781322
24.28001388 19.39015193 21.42774894 37.90622765 50.49919028 47.24635509
56.79310833 72.84215501 64.10264208 9.430841612 9.165333467 6.439990642
5.397342885 6.019623317 6.768895211 0.379187628 0 0.306012813
1571.222646 1580.049991 1689.841152 5.860723975 8.837358299 8.431265021
11.21757037 11.72895677 12.60270593 4.268792675 5.0434114 4.240012583
133.7125657 140.228301 138.8915292 31.4655921 34.12720313 35.18144253
911.8638311 920.52328 940.6894175 440.2767092 443.0392879 457.7800252
710.74828 733.9562539 798.3193988 111.963765 101.0621422 92.43441573
1856.685952 1771.575142 2009.008099 435.6865843 424.5839659 597.6430236
1443.724828 1379.838688 1536.295474 399.0797614 454.876112 475.7390691
914.655177 853.7450714 978.8642512 148.664116 150.79992 149.4773405
955.8198903 970.0734184 1139.614102 220.4946679 201.9365714 192.1599982
421.4079252 401.2773513 415.5060291 66.97036872 69.19360207 68.87642235
123.1415627 132.2085465 125.1446554 42.51044749 43.10906487 45.14062177
120.411005 131.0181982 129.5243171 40.92156035 35.77877854 36.07730005
321.5261097 315.399773 300.6350521 165.6272477 162.5322149 137.6686428
7.650461861 6.011543286 6.105634338 14.04775641 13.67787273 15.08294026
72.77026211 68.88542857 68.80729132 12.11751767 13.95131616 17.22985186
302.2512015 299.5728012 293.9488532 74.92175166 86.1503482 93.76694494
34.08142859 31.03634753 39.99716839 12.74070429 16.54283819 10.10475413
3371.666469 3315.684882 3592.797921 973.1060826 943.6124244 984.2924771
4960.187286 4851.794701 5364.640131 1309.525042 1367.117719 1793.95187
72.50023299 64.55323054 70.07656683 27.4371876 24.39911181 20.6662568
276.3021867 260.2224201 269.2366948 34.35522439 38.46975801 51.22365867
594.1220588 591.1148489 613.384977 201.191593 193.8352758 204.6020213
509.0897053 514.0040901 506.5750337 267.7015284 257.110925 237.3053512
1.971203488 3.077859574 7.416354753 0.553943665 0.548904242 0.447044805
3.559774238 3.97019431 2.480205879 0.833633869 0.550700003 0.224253664
1999.984452 1913.244744 2113.215599 207.5429215 196.7327112 227.4399683
36.36712318 24.87681764 29.79761785 10.21981628 10.4644044 15.12063311
173.297847 168.8488302 180.1704371 83.05219317 81.39967172 73.59961451
519.9381325 517.9902311 541.0381641 150.3820835 150.3937634 141.2140438
1630.100358 1556.61726 1778.221005 304.5057216 354.9829702 441.1247558
226.3369463 223.09004 229.449806 68.28904627 67.94741549 81.41364139
122.5342709 121.8700972 128.7230794 50.6387293 53.79087041 47.40522812
2240.821633 2337.488221 2529.02138 552.3514915 529.9391076 412.5126014
26.5015497 18.55905615 25.8931808 11.47421117 12.01340126 8.211647139
1323.649117 1254.374246 1478.179602 279.5373154 277.9741975 348.7643468
5.059711744 5.0490585 6.011494602 11.78655463 16.31398218 11.62579074
123.5287519 120.1830881 118.6616761 0.923239442 0.914840404 2.235224025
167.3067257 134.8395623 136.3077727 2.573879655 4.250773593 2.077177882
5.142555889 5.060700837 4.552491325 13.17637475 10.52943917 11.31966662
60.94509363 57.34021887 60.7538238 25.25085728 25.12992881 27.55460138
56.68233915 54.08199247 48.48656862 14.1563381 14.36968829 12.72482548
55.64949189 62.50261721 60.20696421 10.04939399 11.73130838 8.998859769
152.1518644 147.5407697 151.9553957 60.4241507 62.64001423 62.39041517
50.05737565 52.31945162 55.60316445 8.038299238 7.766042669 8.271034009
37.46635927 43.54806026 41.04300867 16.33220339 15.39801073 22.77786473
36.47661559 29.55212419 30.64113172 17.76929346 15.21204261 15.41329052
199.758832 201.5717206 196.6168455 22.64739083 22.31872907 23.47039505
568.8569726 602.7820251 634.6055289 290.4415872 301.0381062 279.7087328
321.2277685 312.8699219 307.5539842 132.8363203 137.1870759 143.8607963
2465.742655 2342.594528 2454.592571 380.7524597 385.6566405 427.1339189
1.737075871 2.712290046 0.871398004 0.48814959 0.362781539 0.492434412
67.69990844 63.10345612 66.85642073 144.5248512 148.9020309 114.4096091
21.8213158 25.38020124 25.80266785 6.679698856 7.052959536 8.660412465
1768.203237 1803.642056 1985.870052 350.1088704 364.0071745 302.7274411
17.27149723 17.78104118 21.10506815 4.355796339 6.782553029 7.030448215
4040.80057 3576.097124 4183.520452 1214.254916 1369.168187 1598.783336
0 1.23328868 0.346699511 25.24834692 22.13188598 19.59228375
94.56098088 91.62486643 85.66686479 23.94903724 27.64089637 23.10402247
61.83643724 62.91616666 64.39831073 25.40519301 22.65666563 22.75783424
16.56629423 16.51667995 16.68380428 37.38448872 37.91807713 42.69355231
280.8102569 279.6867484 284.2935989 102.1247078 94.88324424 101.3743946
363.4016377 371.3294124 380.2289678 92.972707 95.29528668 123.0667745
382.6603447 357.9517033 354.7466236 123.7806565 132.2369689 142.1664687
4.585880299 4.184676071 5.751226828 0.878669262 0.290225231 0.94547407
8735.840249 8642.939781 9289.793325 1558.155234 1554.322807 1434.35699
22.37612912 17.4111343 20.883547 9.870846941 8.694265184 10.62132277
254.3556976 271.4066713 257.9537873 10.30940334 11.91821753 16.22383776
4.781825206 2.93322713 6.896509188 1.679723704 1.165109861 2.711148455
3417.763587 3483.701102 3696.497146 533.1494719 539.7370722 485.1009268
75.57315855 82.62273386 80.7479557 18.86218045 16.9599748 20.8600482
506.2327913 508.4433998 476.8703684 236.0871713 250.7513186 240.0001595
327.3342888 330.4548402 330.2996169 133.8831271 135.5463225 143.0311506
5745.691117 5947.81959 6623.32195 2636.593564 2772.811862 3172.065506
111.293262 95.6592778 101.9047615 29.27495481 30.9425388 32.38667342
1552.278911 1589.05619 1643.926716 346.3936103 346.5026937 366.7306723
5992.626664 6120.949722 6628.333031 1560.566551 1526.636267 1399.671081
133.7123226 148.5247716 130.0112816 63.5133617 54.45621638 61.23179366
24.48812283 20.09710674 22.59862493 7.790494345 9.488701358 7.727895545
20.64154547 30.69518491 27.11960618 4.488595008 9.237656758 6.966145334
54.07960608 48.94644533 49.00236271 9.945904991 8.081447312 15.89259986
6.692705177 11.0761069 9.476453296 5.156951738 3.60708502 3.672153755
437.3242265 383.8733951 507.103606 163.3736244 138.1277693 185.962083
2.34606366 1.308275184 1.765341882 5.4391105 6.369561516 6.251687376
15.68070143 11.40560207 9.405201767 0.478973846 0 0.386542501
39.75985837 35.41133616 36.23173941 17.48330084 14.33730954 11.51457676
190.1364506 180.6283168 173.7984999 67.66315534 66.93219918 54.88762176
498.8612064 477.1749559 512.2805044 182.6579936 187.1248313 239.5812935
59.21656194 58.3387494 60.64930109 24.09466526 27.82608444 18.18590431
802.8624022 762.3621407 828.2496913 344.3085067 353.1876567 401.4987219
1952.421515 1930.639808 2106.216416 108.7888218 112.8635198 124.9163592
0 0 0 1.628205021 2.420088991 1.642496887
249.7549402 223.5498007 267.3357351 60.35070455 43.19009695 91.09518262
599.8702008 574.4888631 604.7502149 82.00913108 94.48443647 100.8505675
134.190959 128.1453996 137.1061328 40.36062353 35.81502857 68.30379608
9.255539186 20.00012647 12.33299185 4.87682461 4.027048667 4.59165637
792.9848939 813.2037648 833.92789 76.1101998 66.19744044 80.29226075
3440.381638 3275.815891 3519.278741 674.886239 684.9259109 746.6950315
804.0518279 820.6761571 882.2877275 4.112788754 5.847274664 7.50407841
332.8375781 336.830301 358.8215622 141.4505815 142.5109951 173.4153885
348.3026166 356.6188013 347.768323 170.7481109 169.0219305 182.5570647
230.8100085 243.2769725 264.0153142 31.62902115 24.27845686 28.76092451
579.8502443 601.5131451 566.6137931 165.68443 175.6791245 194.6002521
1671.650645 1632.457634 1809.370816 228.3889214 238.6554326 226.3569977
140.249752 155.5506873 154.8804655 59.66645619 57.7676022 58.97534151
6.878029871 7.159622777 4.02539609 1.932850209 1.915266382 1.039901948
138.9180468 129.5974195 147.0385323 29.53568598 32.72085763 27.53718755
1747.517704 1749.153844 1851.495098 653.4475429 615.647499 553.2906725
33.75792641 47.71919575 35.44439674 14.61595947 19.6750092 12.90817684
10.74292 7.987675059 11.86895702 4.312791298 4.451621146 6.380949825
231.9982196 247.8132496 276.6099881 86.08583982 75.06636393 47.24176182
355.4238099 357.7928299 355.4595019 746.2017699 762.0064911 759.7773741
27.91870479 26.55454226 26.67680021 13.84028524 11.02198255 12.47137323
4613.307813 4433.146311 4753.521976 762.2070463 751.5815161 740.1859393
249.737166 236.1575574 267.4583355 54.09461041 53.95514045 78.69487041
