Group	Score
5	601.90915
5	441.82216
5	1004.34057
5	112.71811
5	2784.21263
5	77.54702
5	58.50666
5	236.75033
5	166.66268
5	485.70281
5	137.60602
5	280.78154
5	2572.7904
5	6380.65957
5	6171.21821
5	3999.26084
5	3136.24711
5	5293.72825
5	4018.66995
5	7611.70164
5	2731.37852
5	2731.37852
5	5193.44536
5	5966.23722
5	3646.90764
5	401.42418
5	62.68559
5	73.88192
5	225.0474
5	202.65347
5	991.18721
5	629.9115
5	61.37153
5	228.96944
5	816.17615
5	2874.66741
5	862.91336
5	46.68505
5	162.69788
5	455.22441
5	4840.10326
5	4391.53341
5	5544.74328
4	935.51576
4	181.13601
4	350.86891
5	103.22423
5	123.91598
5	86.58827
5	56.2112
5	2856.78203
5	1431.79556
5	90.64488
5	419.62625
5	1001.09645
5	663.08021
5	224.56612
4	358.95233
4	508.71456
4	203.56372
4	103.66389
5	889.13393
5	107.24857
5	42.89627
4	243.97129
4	NA
5	318.39269
5	193.29802
5	420.74679
5	147.58663
5	168.23043
5	252.31057
4	101.21557
5	299.76736
5	668.85346
5	266.22553
5	888.12697
5	117.58697
5	430.49186
5	1579.77872
5	156.92503
5	203.14855
5	66.95732
5	232.70739
5	1007.22699
5	902.03308
5	951.11756
5	556.50056
5	NA
5	2182.13403
5	70.88701
4	134.24969
4	211.91173
4	260.25962
4	352.13046
4	394.21628
4	1944.41106
4	135.73448
3	212.00501
4	2044.79029
4	2995.66677
4	1024.49212
5	989.69705
5	3027.51273
5	6031.45878
5	235.69206
4	888.2041
4	2778.32601
5	3424.15318
5	3231.85399
5	3731.73529
5	1183.51852
5	3582.55743
5	2390.10221
4	618.32138
4	1611.37002
4	403.1788
4	327.69703
4	419.52311
4	1257.60776
4	222.64391
5	479.59273
5	106.37153
5	1332.09781
5	6400.16213
5	662.9757
5	264.14007
5	286.90998
4	1231.31558
4	371.33958
5	5974.29651
5	4290.14641
4	840.44885
4	336.89906
5	4222.12393
5	3182.38375
4	5328.26977
4	4265.515
5	255.87022
5	220.97414
4	NA
4	1680.45434
5	210.97994
5	866.76512
5	832.30392
5	113.83706
5	5493.04171
5	839.31986
5	416.91244
5	252.04976
4	1999.72459
4	949.11967
4	42.28491
5	11501.09441
4	585.59318
4	7323.18169
4	3433.26949
4	1623.04914
2	227.64665
4	345.20182
4	246.89181
4	746.34009
5	4710.70661
5	2744.19339
4	367.45258
4	4015.45799
4	678.21565
4	252.19166
5	628.34713
5	3448.01526
4	1420.90443
4	592.17607
5	2420.80885
5	6476.05952
5	3183.953
5	1593.79608
4	441.73002
4	71.06444
4	105.60446
4	1026.50033
4	NA
4	326.5921
5	5069.09267
4	294.08636
4	259.93358
4	227.03711
4	197.08437
4	165.13431
4	312.20165
4	984.07564
4	372.01507
4	54.14892
4	565.03034
5	2340.2604
5	2838.51287
5	3104.91393
4	2773.10761
5	1465.36142
4	129.21561
3	330.46679
3	236.61519
4	284.68836
3	597.9406
4	678.29076
4	2316.26032
3	61.57964
3	349.19538
3	360.40084
3	NA
4	2740.34679
5	198.19911
5	168.22867
5	5026.66503
5	2759.22556
5	3539.38096
4	55.85243
4	241.27113
4	324.32584
5	1795.56028
3	514.06769
3	474.11723
3	91.55464
3	64.53566
4	3582.55743
3	488.35075
3	1244.24056
4	338.27052
3	311.71285
3	473.2009
3	NA
3	282.22792
3	2171.90107
4	5753.84594
3	140.165
3	256.36695
3	494.42632
5	925.69386
4	2931.85503
4	4133.74586
4	142.14266
4	494.92296
4	33.73991
4	441.55811
2	123.00467
2	210.95068
4	377.22489
3	401.48944
3	474.05906
3	574.87403
4	103.33025
4	648.85227
3	248.03439
3	178.68106
4	235.37575
4	259.42034
5	1980.06361
3	266.77398
4	94.06357
4	854.62977
4	337.35319
4	1181.14174
4	899.72036
3	2145.54795
3	300.19591
5	2045.08465
4	384.71341
4	1256.20779
4	509.78489
4	890.95222
4	137.73524
5	2340.80652
4	1200.10718
3	87.1233
4	932.09798
3	508.32349
3	284.18184
3	552.67553
3	826.56775
3	411.56347
3	412.00146
3	262.95017
3	826.56775
4	1122.81438
4	1212.02577
3	797.01352
4	686.82147
4	187.00817
3	184.19133
4	548.42608
4	98.38827
4	5180.27066
3	363.78444
3	216.41013
3	140.39969
3	6231.34178
4	497.54892
3	2938.67587
3	35.00951
3	309.56485
3	228.77053
3	58.26917
4	762.23456
3	11501.09441
3	78.04919
3	301.1422
3	88.44792
3	1236.57007
3	285.38458
3	348.69777
3	NA
3	672.84569
3	2899.84178
3	458.47199
3	425.17089
2	662.13529
2	121.4765
4	3071.89083
4	322.04236
3	156.80427
4	240.56664
3	206.09509
2	225.81423
2	NA
3	1735.83033
3	1636.86697
4	240.32882
3	59.01161
3	136.69111
4	5886.967
3	2145.54795
3	3231.85399
4	994.97225
3	495.29536
3	NA
3	NA
3	294.12874
3	1007.22699
4	1538.4708
3	1713.84442
3	313.12699
3	47.77436
4	2352.45414
3	123.78887
3	265.03491
3	241.80685
3	364.12621
3	1224.12293
3	2002.35903
3	686.01842
3	556.73529
2	110.96262
2	588.22708
3	1352.94027
2	1109.28294
2	123.82139
3	540.12211
4	167.50223
4	365.56119
3	89.28022
3	303.70018
3	449.01851
3	718.42718
3	6951.54115
3	408.03014
3	661.84325
3	993.7455
3	524.50723
3	1563.73957
3	607.21523
3	599.7008
3	137.1032
2	139.78486
2	98.07995
3	386.95469
3	53.22351
3	621.05123
3	156.10019
3	259.53657
3	549.07182
2	249.46433
3	164.09566
3	330.78353
3	478.39608
2	118.94183
3	2539.58199
2	1360.71534
2	61.46295
2	66.09379
3	825.87998
3	168.78618
3	284.07419
3	1079.7902
3	1189.92609
2	58.69015
3	384.5143
3	282.26411
3	214.88795
3	187.65778
3	1536.4533
3	417.66395
3	134.9447
3	89.81441
3	194.93723
3	1469.46744
3	NA
3	123.76046
3	560.65217
2	164.21109
2	410.01932
3	353.84266
3	1502.75242
3	175.36181
3	639.51091
3	84.55543
3	1386.95445
3	1082.25983
3	256.93614
3	3709.96223
3	2902.68642
3	257.2954
3	1114.59123
3	195.08225
3	664.95875
3	180.00785
3	924.78258
3	899.34022
3	257.05297
2	NA
2	1683.81614
2	3182.38375
2	65.37667
3	1139.27016
2	2414.57969
3	226.62688
2	3377.92774
2	977.20084
2	1525.31347
3	1670.31451
3	570.75958
3	628.64542
3	468.52981
3	531.31752
3	261.82267
2	269.81118
2	244.73917
2	277.22247
2	1107.57566
3	248.63342
2	162.17143
2	394.8822
3	276.54345
3	169.59678
3	1266.51511
3	1144.58502
3	231.06712
3	201.25023
2	242.04784
3	1401.57816
3	155.89757
2	NA
2	124.7466
2	59.21767
2	404.08154
2	471.09367
2	449.48681
2	80.41238
2	170.38885
2	64.35084
2	430.43032
2	945.59596
2	301.02812
2	597.38411
2	NA
2	740.48921
2	323.70859
2	300.11852
2	393.13508
2	75.27806
2	NA
2	81.87359
2	46.36459
2	582.44998
2	2194.99235
2	86.25977
2	571.03161
2	132.32081
2	61.18563
2	702.69654
2	111.88493
2	722.76979
2	449.85424
2	274.94958
2	1159.16048
2	409.91553
2	35.55077
2	187.94887
2	267.79642
2	112.54018
2	212.67046
2	278.49588
2	228.10802
2	300.84888
2	NA
2	534.9383
2	656.32437
2	709.94137
2	568.66812
2	228.0927
2	407.01054
2	351.82244
2	493.97814
2	402.16437
2	1389.73885
2	2180.96252
2	1954.1522
2	1223.11144
2	590.56631
2	83.97405
2	2427.60332
2	2129.12106
2	194.3007
2	943.91802
2	338.3678
2	516.4081
2	624.56303
2	3424.15318
2	190.03983
2	458.06657
2	2436.28215
2	1181.53682
2	596.92645
2	200.77084
2	382.66609
2	136.93635
2	159.79581
2	497.39785
2	309.07735
2	1665.51467
2	922.16256
2	478.33379
2	166.1094
2	314.15395
2	233.05184
2	142.83191
2	5619.43634
2	243.90647
2	517.58422
2	172.04796
2	428.08113
2	1683.81614
2	488.67061
2	404.72849
2	381.752
2	1278.29469
2	192.5124
2	454.96016
2	824.84846
2	163.80854
2	1116.92866
2	782.51122
2	442.22345
2	153.21243
2	219.4787
2	573.89036
2	234.92048
2	877.42687
2	704.11203
2	678.67965
2	1707.40504
2	625.65567
2	121.39173
2	674.87453
2	1017.0941
2	372.03691
2	399.06152
2	83.7651
2	798.01092
2	420.70932
2	NA
2	352.37026
2	376.90793
2	693.17165
2	121.19606
2	271.01046
2	86.73361
2	706.26212
2	NA
2	303.70018
2	255.88297
2	656.57806
2	294.53847
2	121.5004
2	929.3473
2	NA
2	NA
2	224.455
2	234.08201
2	107.83103
2	1386.95445
2	313.48926
2	NA
2	216.51598
2	801.59025
2	463.27144
2	38.2339
2	702.69654
2	374.0321
1	5493.04171
1	2608.8755
1	397.03407
1	389.2311
1	601.4551
1	430.38871
1	1255.37
1	262.62392
1	320.09447
1	2194.99235
1	59.39664
1	219.07479
1	336.52826
1	393.83305
1	535.82149
1	404.03815
1	421.08892
1	1072.99001
1	3424.15318
1	54.60138
1	519.95804
1	305.30433
1	181.5043
1	337.36905
1	88.92032
1	1283.55545
1	658.39912
1	718.25855
1	362.4283
1	500.86683
1	560.72946
1	457.9482
1	618.32697
1	301.94823
1	704.75731
1	79.70852
1	46.57528
1	2572.7904
1	NA
1	NA
1	576.16599
1	240.89504
1	338.04729
1	317.93961
1	363.58217
1	1196.07782
1	461.15858
1	448.58378
1	580.40227
1	435.84391
1	106.29745
1	40.2589
1	281.76292
1	53.56722
1	179.27238
1	401.75757
1	NA
1	1216.12316
1	474.13214
1	303.26172
1	6476.05952
1	785.96081
1	599.48748
1	415.15193
1	102.41335
1	290.45176
1	428.06493
1	1145.8102
1	612.32193
1	350.8331
1	249.83252
1	380.2844
1	44.19873
1	1256.79053
1	410.3233
1	465.74317
1	728.14709
1	420.4032
1	47.84014
1	794.29253
1	423.53177
1	229.88083
1	1463.71278
1	144.33677
1	352.73861
1	232.04288
1	678.09139
1	524.24959
1	37.11332
1	75.89871
1	143.68223
1	53.89463
1	889.25401
1	599.97358
1	165.24061
1	641.29947
1	369.30958
1	99.49544
1	NA
1	291.76481
1	344.11814
1	1021.46425
1	2044.79029
1	150.66816
1	355.61476
1	272.37811
1	221.71136
1	50.51905
1	NA
1	536.27301
1	1520.37763
1	1520.37763
1	951.69674
1	709.99819
1	228.6704
1	238.06811
1	248.94718
1	741.83708
1	NA
1	577.3223
1	1231.31126
1	327.29798
1	258.35463
1	329.11817
1	1158.01485
1	1158.01485
1	NA
1	311.67089
1	200.76947
1	45.98502
1	478.39608
1	478.39608
1	689.73924
1	1001.09645
1	278.43342
1	126.55238
1	243.40067
1	368.51004
1	447.93819
1	245.10644
1	239.53924
1	277.25251
1	168.80509
1	457.03154
1	154.69261
1	266.26991
1	1147.26848
1	140.73821
1	196.01017
1	75.62909
1	45.12061
1	485.0852
1	115.99157
1	NA
1	537.98451
1	44.00096
1	280.94876
1	237.78212
1	1665.51467
1	359.81367
1	615.43782
1	869.9943
1	361.69406
1	287.84594
1	313.31387
1	582.00061
1	3183.953
1	386.54739
1	NA
1	557.43458
1	586.0006
1	384.29929
1	2812.05704
1	1075.14491
1	65.15919
1	71.46077
1	207.29107
1	73.33029
1	341.85827
1	864.20247
1	519.14944
1	502.37206
1	210.77151
1	166.56697
1	755.64621
1	42.96185
1	349.66937
1	806.27368
1	1825.31382
1	3104.91393
1	395.90515
1	137.70672
1	328.13467
1	NA
1	NA
1	33.46285
1	1181.14174
1	134.24969
1	544.97762
1	404.85635
1	589.77717
1	253.49673
1	NA
1	338.01594
1	595.70639
1	199.24887
1	330.05352
1	76.83721
1	377.6354
1	1184.01355
1	51.9921
1	918.44206
1	91.8859
1	592.36901
1	738.85479
1	738.85479
1	117.53307
1	66.06866
1	111.51894
1	147.90965
1	136.51584
1	2352.45414
1	321.00129
1	371.50687
1	134.91658
1	296.20009
1	484.09168
1	192.94054
1	366.64153
1	232.6837
1	965.659
1	5619.43634
1	109.81904
1	51.85678
1	702.62496
1	500.84202
1	243.90647
1	324.35545
1	845.46736
1	845.46736
1	157.9829
1	150.34719
1	987.56807
1	46.17095
1	158.34688
1	406.64478
1	102.30212
1	798.81209
1	276.07114
1	107.12634
1	236.23906
1	139.03394
1	212.67046
1	2899.84178
1	271.14195
1	203.08814
1	145.28229
1	408.37121
1	546.95343
1	376.63667
1	57.26228
1	862.91336
1	614.13601
1	NA
1	390.19687
1	178.82777
1	114.12907
1	316.73402
1	173.63266
1	44.6116
1	597.20248
1	163.52138
1	116.90039
1	213.23375
1	342.84117
1	190.34906
1	1574.87895
1	170.6478
1	49.99974
1	447.82332
1	317.29874
1	227.32905
1	307.73867
1	750.7935
1	750.7935
1	109.67903
1	531.84714
1	239.76428
1	260.86387
1	4222.12393
1	611.38397
1	NA
1	87.89157
1	166.89236
1	107.13241
1	134.73756
1	187.89399
1	356.81682
1	398.83546
1	399.72273
1	406.18656
1	514.35085
1	738.93371
1	NA
1	79.68101
1	693.61788
1	166.35086
1	285.67007
1	285.67007
1	359.00826
1	452.91027
1	165.46101
1	571.96599
1	90.14804
1	223.00768
1	135.73448
1	601.43566
1	155.96718
1	683.04436
1	1386.95445
1	63.12319
1	90.47435
1	NA
1	487.70733
1	143.02475
1	344.36357
1	143.44373
1	110.54441
1	80.84661
1	106.09247
1	117.03749
1	NA
1	182.75407
1	407.01054
1	65.29597
1	131.93275
1	180.93224
1	193.68793
1	139.94663
1	177.72265
1	42.74297
1	47.65075
1	99.35787
1	NA
1	202.66141
1	115.99335
1	449.66756
1	379.80499
1	252.35806
1	1174.12762
1	158.36975
1	96.47871
1	79.08276
1	170.09587
1	293.5898
1	407.64354
1	610.95955
1	803.9632
1	858.6984
1	78.31366
1	364.49886
1	926.77213
1	131.30613
1	40.38876
1	247.16645
1	285.28908
1	131.8873
1	43.65958
1	285.94154
1	332.14694
1	304.00013
1	139.08374
1	139.94937
1	269.66509
1	559.93206
1	70.12753
1	82.2313
1	280.37442
1	62.41395
1	141.86714
1	251.64045
1	54.9801
1	NA
1	806.57652
1	131.46701
1	463.8189
